[[0.9999997615814209, 0.5183773636817932, 0.40728920698165894, 0.5565931797027588, 0.41903817653656006, 0.542427122592926, 0.471372127532959, 0.5019343495368958, 0.5222181081771851, 0.4400579631328583, 0.4791763722896576, 0.5482897758483887, 0.5560435056686401, 0.5133190155029297, 0.4601447880268097, 0.6022976040840149, 0.5425431132316589, 0.6590934991836548, 0.26889336109161377, 0.4757585823535919, 0.506649911403656, 0.4861469864845276, 0.4579679071903229, 0.40293896198272705, 0.35485631227493286, 0.35253190994262695, 0.16477665305137634, 0.10945075750350952, 0.17499123513698578, 0.08844412118196487, 0.1234065592288971, 0.14209316670894623, 0.14311717450618744, 0.16297529637813568, 0.12685279548168182, 0.15919068455696106, 0.158413827419281, 0.19121620059013367, 0.14015311002731323, 0.10657980293035507, 0.2015516757965088, 0.24989882111549377, 0.2015760838985443, 0.13039426505565643, 0.15055152773857117, 0.16546349227428436, 0.11844933778047562, 0.20940089225769043, 0.1429843306541443, 0.1442359834909439], [0.5183773636817932, 1.000000238418579, 0.40204834938049316, 0.46635130047798157, 0.337583988904953, 0.4763690233230591, 0.41497549414634705, 0.4311939477920532, 0.37724176049232483, 0.35169950127601624, 0.46102237701416016, 0.4863778054714203, 0.48312002420425415, 0.4262928366661072, 0.3981229066848755, 0.45435312390327454, 0.3983455002307892, 0.5645169019699097, 0.4635922908782959, 0.43042251467704773, 0.5535238981246948, 0.40684106945991516, 0.45275717973709106, 0.33155563473701477, 0.36913877725601196, 0.1204734593629837, 0.30776283144950867, 0.11116994917392731, 0.16596665978431702, 0.1088445782661438, 0.14079338312149048, 0.15450707077980042, 0.1385333091020584, 0.18271103501319885, 0.13853931427001953, 0.15813860297203064, 0.15511555969715118, 0.20028719305992126, 0.1587172895669937, 0.15435189008712769, 0.23290961980819702, 0.19560879468917847, 0.26059216260910034, 0.18786635994911194, 0.14023202657699585, 0.176932692527771, 0.15184339880943298, 0.1767752468585968, 0.16209617257118225, 0.1112244725227356], [0.40728920698165894, 0.40204834938049316, 1.0, 0.4817706346511841, 0.4293784201145172, 0.4527008533477783, 0.39848703145980835, 0.43883591890335083, 0.37223324179649353, 0.37157294154167175, 0.3684525787830353, 0.3810901641845703, 0.42251068353652954, 0.4310603737831116, 0.5023398399353027, 0.4320666491985321, 0.3472599983215332, 0.5456414222717285, 0.4791463613510132, 0.2808949053287506, 0.42955371737480164, 0.4198336899280548, 0.394309401512146, 0.3350805640220642, 0.7730200886726379, 0.11455018818378448, 0.1527397483587265, 0.27451175451278687, 0.1605479121208191, 0.1782793253660202, 0.17494575679302216, 0.16663402318954468, 0.12326869368553162, 0.18088461458683014, 0.14637237787246704, 0.17569518089294434, 0.1335000842809677, 0.19930431246757507, 0.15665893256664276, 0.2068365216255188, 0.13473623991012573, 0.15693926811218262, 0.17770916223526, 0.21445834636688232, 0.1264050304889679, 0.20353969931602478, 0.15574108064174652, 0.19357728958129883, 0.15235120058059692, 0.29639989137649536], [0.5565931797027588, 0.46635130047798157, 0.4817706346511841, 0.9999998807907104, 0.5277385115623474, 0.627117395401001, 0.5641933679580688, 0.6065514087677002, 0.5990926027297974, 0.5749102234840393, 0.5146819949150085, 0.6182053685188293, 0.5359938740730286, 0.6465688943862915, 0.5457152128219604, 0.4632002115249634, 0.5080932974815369, 0.5912835597991943, 0.36323004961013794, 0.5058791637420654, 0.5291815996170044, 0.4896612763404846, 0.5080810189247131, 0.46638399362564087, 0.4266788065433502, 0.1431003212928772, 0.14673084020614624, 0.18794429302215576, 0.243813157081604, 0.16656942665576935, 0.2996806800365448, 0.18257474899291992, 0.22615522146224976, 0.19846035540103912, 0.17716188728809357, 0.21147146821022034, 0.14539116621017456, 0.21763521432876587, 0.16803531348705292, 0.17538763582706451, 0.16562439501285553, 0.23156988620758057, 0.18339210748672485, 0.1993635594844818, 0.17045818269252777, 0.20827144384384155, 0.155697762966156, 0.1751948744058609, 0.19653953611850739, 0.17817601561546326], [0.41903817653656006, 0.337583988904953, 0.4293784201145172, 0.5277385115623474, 1.0, 0.4648083746433258, 0.5083019733428955, 0.53929203748703, 0.400166392326355, 0.4732055366039276, 0.3371999263763428, 0.5830368399620056, 0.46480417251586914, 0.6320033073425293, 0.41001731157302856, 0.41379642486572266, 0.4964118003845215, 0.445832222700119, 0.3513339161872864, 0.4294622540473938, 0.4496801793575287, 0.49306732416152954, 0.4762706160545349, 0.40362340211868286, 0.3727676272392273, 0.07013286650180817, 0.1284037083387375, 0.13261936604976654, 0.15208080410957336, 0.3144868016242981, 0.17963135242462158, 0.16358889639377594, 0.1443609893321991, 0.17088429629802704, 0.17727255821228027, 0.11341698467731476, 0.16768410801887512, 0.18202993273735046, 0.12632596492767334, 0.1477837711572647, 0.15329137444496155, 0.12659472227096558, 0.15490750968456268, 0.24490271508693695, 0.16306550800800323, 0.1138019859790802, 0.15183886885643005, 0.18693014979362488, 0.1552923321723938, 0.10370318591594696], [0.542427122592926, 0.4763690233230591, 0.4527008533477783, 0.627117395401001, 0.4648083746433258, 1.0, 0.48587948083877563, 0.5100767016410828, 0.5550792217254639, 0.4696037769317627, 0.4623754918575287, 0.5571766495704651, 0.538384735584259, 0.49962854385375977, 0.5169606804847717, 0.4656769037246704, 0.435836523771286, 0.5580962300300598, 0.3909848928451538, 0.5052208304405212, 0.5405639410018921, 0.4855392873287201, 0.4586620032787323, 0.44256508350372314, 0.3935253322124481, 0.05555209890007973, 0.11885019391775131, 0.17361801862716675, 0.19170764088630676, 0.14037083089351654, 0.3471794128417969, 0.1856584995985031, 0.14789152145385742, 0.1687600314617157, 0.13136616349220276, 0.17974188923835754, 0.09363141655921936, 0.20906215906143188, 0.09726525843143463, 0.1434546560049057, 0.10987184941768646, 0.18785390257835388, 0.16984716057777405, 0.1766289323568344, 0.15819963812828064, 0.17174571752548218, 0.1419801563024521, 0.17181667685508728, 0.18506911396980286, 0.14470350742340088], [0.471372127532959, 0.41497549414634705, 0.39848703145980835, 0.5641933679580688, 0.5083019733428955, 0.48587948083877563, 0.9999992847442627, 0.65212482213974, 0.4995894730091095, 0.46394041180610657, 0.42971155047416687, 0.5178549885749817, 0.4826880097389221, 0.5716099739074707, 0.43286874890327454, 0.4396200478076935, 0.45202553272247314, 0.47152554988861084, 0.3170381784439087, 0.45156151056289673, 0.4529957175254822, 0.5280454754829407, 0.4945858120918274, 0.47648561000823975, 0.374734491109848, 0.02699337899684906, 0.10687626898288727, 0.15043523907661438, 0.13127006590366364, 0.10479980707168579, 0.14357338845729828, 0.2897108793258667, 0.15967285633087158, 0.1934303492307663, 0.14208003878593445, 0.11096764355897903, 0.09909273684024811, 0.17155787348747253, 0.1076863557100296, 0.12260329723358154, 0.14039874076843262, 0.10345747321844101, 0.16016268730163574, 0.16924342513084412, 0.1224297285079956, 0.11787739396095276, 0.12565241754055023, 0.1735152006149292, 0.10432924330234528, 0.09947480261325836], [0.5019343495368958, 0.4311939477920532, 0.43883591890335083, 0.6065514087677002, 0.53929203748703, 0.5100767016410828, 0.65212482213974, 1.000000238418579, 0.5211908221244812, 0.5173314213752747, 0.45095399022102356, 0.5636213421821594, 0.49413806200027466, 0.7097095251083374, 0.4793100953102112, 0.4964013397693634, 0.5127301216125488, 0.49467048048973083, 0.41286081075668335, 0.4838055968284607, 0.49913978576660156, 0.49218112230300903, 0.49841466546058655, 0.49065497517585754, 0.39833420515060425, 0.03765558451414108, 0.08904717117547989, 0.18986400961875916, 0.19349405169487, 0.1736026108264923, 0.19391381740570068, 0.16624709963798523, 0.30305665731430054, 0.21716521680355072, 0.13913987576961517, 0.15358486771583557, 0.11326887458562851, 0.20453877747058868, 0.19174876809120178, 0.20137426257133484, 0.1552659124135971, 0.15476566553115845, 0.1782834827899933, 0.23738384246826172, 0.21384188532829285, 0.20276585221290588, 0.19339612126350403, 0.20025372505187988, 0.19060258567333221, 0.15359897911548615], [0.5222181081771851, 0.37724176049232483, 0.37223324179649353, 0.5990926027297974, 0.400166392326355, 0.5550792217254639, 0.4995894730091095, 0.5211908221244812, 1.0000001192092896, 0.530117392539978, 0.4503742754459381, 0.5641515851020813, 0.5257685780525208, 0.5789322853088379, 0.527554988861084, 0.3990975022315979, 0.5082657337188721, 0.5812528133392334, 0.2659114897251129, 0.5221071839332581, 0.45307737588882446, 0.4901096522808075, 0.4722692668437958, 0.44579535722732544, 0.3424292504787445, 0.039152517914772034, 0.13580889999866486, 0.1485161930322647, 0.1858399510383606, 0.14536358416080475, 0.19173845648765564, 0.1987837553024292, 0.182861328125, 0.3162204623222351, 0.17767882347106934, 0.13379548490047455, 0.15994220972061157, 0.1925414502620697, 0.13664057850837708, 0.17019306123256683, 0.14124789834022522, 0.14730152487754822, 0.2039775848388672, 0.17040488123893738, 0.1671353280544281, 0.1370050460100174, 0.1948569118976593, 0.17991209030151367, 0.18467475473880768, 0.12765486538410187], [0.4400579631328583, 0.35169950127601624, 0.37157294154167175, 0.5749102234840393, 0.4732055366039276, 0.4696037769317627, 0.46394041180610657, 0.5173314213752747, 0.530117392539978, 1.000000238418579, 0.3384149670600891, 0.6260133385658264, 0.5479336977005005, 0.5209396481513977, 0.4820767045021057, 0.38657838106155396, 0.4680978059768677, 0.4481378495693207, 0.29338422417640686, 0.5114338994026184, 0.38010546565055847, 0.49414652585983276, 0.5228692889213562, 0.5293858647346497, 0.31845295429229736, 0.0690603107213974, 0.1131642535328865, 0.14267154037952423, 0.1617632806301117, 0.11393629014492035, 0.163206085562706, 0.14922575652599335, 0.1626746952533722, 0.17291711270809174, 0.2905614972114563, 0.075992152094841, 0.16003179550170898, 0.20101657509803772, 0.09302127361297607, 0.17303352057933807, 0.14594416320323944, 0.1058768481016159, 0.15544527769088745, 0.170416921377182, 0.15891383588314056, 0.12567828595638275, 0.19149599969387054, 0.22958573698997498, 0.2708249092102051, 0.1422623246908188], [0.4791763722896576, 0.46102237701416016, 0.3684525787830353, 0.5146819949150085, 0.3371999263763428, 0.4623754918575287, 0.42971155047416687, 0.45095399022102356, 0.4503742754459381, 0.3384149670600891, 1.0, 0.47249287366867065, 0.5002622008323669, 0.4108952283859253, 0.45289304852485657, 0.4409560263156891, 0.4463058114051819, 0.4800599217414856, 0.3702062666416168, 0.38504546880722046, 0.5267775654792786, 0.431814044713974, 0.36406853795051575, 0.3311082422733307, 0.40065711736679077, 0.0852472260594368, 0.1215273067355156, 0.16600129008293152, 0.20758068561553955, 0.08830146491527557, 0.17056939005851746, 0.12993216514587402, 0.13953787088394165, 0.13830852508544922, 0.164626806974411, 0.3203207850456238, 0.10467361658811569, 0.20381034910678864, 0.10671903938055038, 0.1627359241247177, 0.17001351714134216, 0.18242934346199036, 0.14547379314899445, 0.15495502948760986, 0.19849848747253418, 0.15561456978321075, 0.0914808064699173, 0.12650740146636963, 0.13782599568367004, 0.16053545475006104], [0.5482897758483887, 0.4863778054714203, 0.3810901641845703, 0.6182053685188293, 0.5830368399620056, 0.5571766495704651, 0.5178549885749817, 0.5636213421821594, 0.5641515851020813, 0.6260133385658264, 0.47249287366867065, 0.9999992847442627, 0.5934404730796814, 0.577099084854126, 0.53666090965271, 0.48100557923316956, 0.5005123019218445, 0.531467080116272, 0.34131449460983276, 0.6937556862831116, 0.5061056613922119, 0.4646402597427368, 0.5105558037757874, 0.4616759419441223, 0.3660210371017456, 0.13133670389652252, 0.1260639727115631, 0.13023048639297485, 0.1446225941181183, 0.19459214806556702, 0.19687235355377197, 0.16260015964508057, 0.1442539393901825, 0.21472494304180145, 0.16313207149505615, 0.15540409088134766, 0.3481740951538086, 0.19363437592983246, 0.14079608023166656, 0.17018260061740875, 0.18251557648181915, 0.14014321565628052, 0.1919039785861969, 0.1995062530040741, 0.24319519102573395, 0.1443149596452713, 0.1573610156774521, 0.20465874671936035, 0.18167181313037872, 0.11315178126096725], [0.5560435056686401, 0.48312002420425415, 0.42251068353652954, 0.5359938740730286, 0.46480417251586914, 0.538384735584259, 0.4826880097389221, 0.49413806200027466, 0.5257685780525208, 0.5479336977005005, 0.5002622008323669, 0.5934404730796814, 1.0, 0.5065451264381409, 0.5073007345199585, 0.4073306918144226, 0.4168149530887604, 0.5618001222610474, 0.28767797350883484, 0.5605396032333374, 0.5355178117752075, 0.6450698971748352, 0.5452436804771423, 0.5540903210639954, 0.35379379987716675, 0.09077335894107819, 0.09782519936561584, 0.13417795300483704, 0.1482139229774475, 0.12517225742340088, 0.09966574609279633, 0.1306753158569336, 0.09297309815883636, 0.15644286572933197, 0.16756188869476318, 0.1409279853105545, 0.1524854600429535, 0.2594650387763977, 0.08964144438505173, 0.1525881290435791, 0.13717620074748993, 0.1124785840511322, 0.14528697729110718, 0.1645365208387375, 0.21346578001976013, 0.10654524713754654, 0.16110548377037048, 0.21322943270206451, 0.20414160192012787, 0.10643118619918823], [0.5133190155029297, 0.4262928366661072, 0.4310603737831116, 0.6465688943862915, 0.6320033073425293, 0.49962854385375977, 0.5716099739074707, 0.7097095251083374, 0.5789322853088379, 0.5209396481513977, 0.4108952283859253, 0.577099084854126, 0.5065451264381409, 0.9999995231628418, 0.466276079416275, 0.39319056272506714, 0.5733510255813599, 0.5239325761795044, 0.386921226978302, 0.43807440996170044, 0.4868454337120056, 0.5125106573104858, 0.5123764872550964, 0.4267631769180298, 0.37505853176116943, 0.0754195898771286, 0.13612417876720428, 0.15043920278549194, 0.1770542562007904, 0.24550780653953552, 0.167755588889122, 0.19015033543109894, 0.1989547610282898, 0.21791286766529083, 0.17060816287994385, 0.15051709115505219, 0.1222987025976181, 0.21900489926338196, 0.3316751718521118, 0.17772036790847778, 0.1462453305721283, 0.1300494521856308, 0.1821688413619995, 0.24726645648479462, 0.1454344093799591, 0.18089619278907776, 0.22049973905086517, 0.1982845664024353, 0.19121524691581726, 0.1481325328350067], [0.4601447880268097, 0.3981229066848755, 0.5023398399353027, 0.5457152128219604, 0.41001731157302856, 0.5169606804847717, 0.43286874890327454, 0.4793100953102112, 0.527554988861084, 0.4820767045021057, 0.45289304852485657, 0.53666090965271, 0.5073007345199585, 0.466276079416275, 1.0000004768371582, 0.37876221537590027, 0.3408462405204773, 0.4715680181980133, 0.5275976061820984, 0.48208722472190857, 0.5221655964851379, 0.46843910217285156, 0.44824662804603577, 0.4623143672943115, 0.49374571442604065, -0.013634239323437214, 0.1407494843006134, 0.21568015217781067, 0.1434684693813324, 0.1576496809720993, 0.14844805002212524, 0.14447563886642456, 0.12965434789657593, 0.16056138277053833, 0.1460970938205719, 0.1432001143693924, 0.14724990725517273, 0.21333172917366028, 0.1311548799276352, 0.33511877059936523, 0.12591952085494995, 0.08449568599462509, 0.13058467209339142, 0.28691551089286804, 0.1252254992723465, 0.16083528101444244, 0.11854475736618042, 0.16838259994983673, 0.19156870245933533, 0.16618920862674713], [0.6022976040840149, 0.45435312390327454, 0.4320666491985321, 0.4632002115249634, 0.41379642486572266, 0.4656769037246704, 0.4396200478076935, 0.4964013397693634, 0.3990975022315979, 0.38657838106155396, 0.4409560263156891, 0.48100557923316956, 0.4073306918144226, 0.39319056272506714, 0.37876221537590027, 1.0, 0.3507520854473114, 0.4756186604499817, 0.3117772042751312, 0.42199039459228516, 0.43792226910591125, 0.4040966331958771, 0.4114542007446289, 0.3611575663089752, 0.4129273295402527, 0.12093958258628845, 0.18077853322029114, 0.12635019421577454, 0.1914767324924469, 0.09896564483642578, 0.11240394413471222, 0.09799317270517349, 0.14482979476451874, 0.18196487426757812, 0.11541438102722168, 0.16839194297790527, 0.15423157811164856, 0.1825898438692093, 0.1291785091161728, 0.12234903126955032, 0.3342682123184204, 0.17878670990467072, 0.19450300931930542, 0.13074234127998352, 0.14233019948005676, 0.14135517179965973, 0.14815010130405426, 0.18564629554748535, 0.1383415013551712, 0.09628923237323761], [0.5425431132316589, 0.3983455002307892, 0.3472599983215332, 0.5080932974815369, 0.4964118003845215, 0.435836523771286, 0.45202553272247314, 0.5127301216125488, 0.5082657337188721, 0.4680978059768677, 0.4463058114051819, 0.5005123019218445, 0.4168149530887604, 0.5733510255813599, 0.3408462405204773, 0.3507520854473114, 0.9999998807907104, 0.49165061116218567, 0.20061412453651428, 0.37387022376060486, 0.4206128716468811, 0.387088805437088, 0.4044898748397827, 0.3365626037120819, 0.29336193203926086, 0.1914183497428894, 0.16765621304512024, 0.11587782204151154, 0.1836370825767517, 0.20258596539497375, 0.2623579502105713, 0.17642685770988464, 0.16066306829452515, 0.23336261510849, 0.16900011897087097, 0.18266704678535461, 0.1353525072336197, 0.21193277835845947, 0.15628980100154877, 0.16042549908161163, 0.157522052526474, 0.3261186480522156, 0.2430046945810318, 0.19929435849189758, 0.17989438772201538, 0.197153702378273, 0.16801458597183228, 0.17458461225032806, 0.15888860821723938, 0.13811731338500977], [0.6590934991836548, 0.5645169019699097, 0.5456414222717285, 0.5912835597991943, 0.445832222700119, 0.5580962300300598, 0.47152554988861084, 0.49467048048973083, 0.5812528133392334, 0.4481378495693207, 0.4800599217414856, 0.531467080116272, 0.5618001222610474, 0.5239325761795044, 0.4715680181980133, 0.4756186604499817, 0.49165061116218567, 1.0, 0.3381831645965576, 0.460770845413208, 0.5157899856567383, 0.5356348752975464, 0.46952182054519653, 0.43507885932922363, 0.447729229927063, 0.233801007270813, 0.2143869400024414, 0.1584644317626953, 0.1830863356590271, 0.1281166970729828, 0.16698020696640015, 0.1533127725124359, 0.15529824793338776, 0.19130252301692963, 0.16315239667892456, 0.17985904216766357, 0.12872743606567383, 0.21473625302314758, 0.15097543597221375, 0.16985157132148743, 0.19339081645011902, 0.21937361359596252, 0.25773561000823975, 0.17218828201293945, 0.1672203540802002, 0.20577898621559143, 0.1483696550130844, 0.16317707300186157, 0.14453265070915222, 0.15290284156799316], [0.26889336109161377, 0.4635922908782959, 0.4791463613510132, 0.36323004961013794, 0.3513339161872864, 0.3909848928451538, 0.3170381784439087, 0.41286081075668335, 0.2659114897251129, 0.29338422417640686, 0.3702062666416168, 0.34131449460983276, 0.28767797350883484, 0.386921226978302, 0.5275976061820984, 0.3117772042751312, 0.20061412453651428, 0.3381831645965576, 1.0, 0.21938534080982208, 0.4615875780582428, 0.28944364190101624, 0.27387163043022156, 0.23606812953948975, 0.5086427330970764, -0.004810177721083164, 0.13776981830596924, 0.19913139939308167, 0.13492028415203094, 0.10469022393226624, 0.13629250228405, 0.16746041178703308, 0.10893553495407104, 0.16250893473625183, 0.13813936710357666, 0.1246224194765091, 0.11680825054645538, 0.22466112673282623, 0.11521093547344208, 0.29189765453338623, 0.16877634823322296, 0.09348894655704498, 0.15711401402950287, 0.3001955449581146, 0.12046292424201965, 0.18311436474323273, 0.1827397644519806, 0.13542845845222473, 0.14354564249515533, 0.1731637716293335], [0.4757585823535919, 0.43042251467704773, 0.2808949053287506, 0.5058791637420654, 0.4294622540473938, 0.5052208304405212, 0.45156151056289673, 0.4838055968284607, 0.5221071839332581, 0.5114338994026184, 0.38504546880722046, 0.6937556862831116, 0.5605396032333374, 0.43807440996170044, 0.48208722472190857, 0.42199039459228516, 0.37387022376060486, 0.460770845413208, 0.21938534080982208, 0.9999997019767761, 0.4256684482097626, 0.42742425203323364, 0.47145599126815796, 0.5766860246658325, 0.2729438543319702, 0.04791760444641113, 0.10121335834264755, 0.07844822108745575, 0.14374768733978271, 0.11692307144403458, 0.12257516384124756, 0.1637091487646103, 0.1421293169260025, 0.15933716297149658, 0.11229977011680603, 0.10280942171812057, 0.20224645733833313, 0.1667104959487915, 0.11517904698848724, 0.12782131135463715, 0.16265453398227692, 0.12314300984144211, 0.16687266528606415, 0.14031793177127838, 0.310909628868103, 0.13201546669006348, 0.10584525763988495, 0.14237678050994873, 0.18123558163642883, 0.054319508373737335], [0.506649911403656, 0.5535238981246948, 0.42955371737480164, 0.5291815996170044, 0.4496801793575287, 0.5405639410018921, 0.4529957175254822, 0.49913978576660156, 0.45307737588882446, 0.38010546565055847, 0.5267775654792786, 0.5061056613922119, 0.5355178117752075, 0.4868454337120056, 0.5221655964851379, 0.43792226910591125, 0.4206128716468811, 0.5157899856567383, 0.4615875780582428, 0.4256684482097626, 1.000000238418579, 0.5099877119064331, 0.48310595750808716, 0.4079008102416992, 0.37800872325897217, 0.09505072981119156, 0.19280701875686646, 0.1948302984237671, 0.16647224128246307, 0.1439943015575409, 0.15616688132286072, 0.15394100546836853, 0.1188473105430603, 0.21995826065540314, 0.16072022914886475, 0.23132212460041046, 0.15146476030349731, 0.21337267756462097, 0.19507703185081482, 0.2225486785173416, 0.18803277611732483, 0.24115778505802155, 0.2432706654071808, 0.23281463980674744, 0.21427404880523682, 0.2970750331878662, 0.15923403203487396, 0.177068829536438, 0.18863840401172638, 0.21295081079006195], [0.4861469864845276, 0.40684106945991516, 0.4198336899280548, 0.4896612763404846, 0.49306732416152954, 0.4855392873287201, 0.5280454754829407, 0.49218112230300903, 0.4901096522808075, 0.49414652585983276, 0.431814044713974, 0.4646402597427368, 0.6450698971748352, 0.5125106573104858, 0.46843910217285156, 0.4040966331958771, 0.387088805437088, 0.5356348752975464, 0.28944364190101624, 0.42742425203323364, 0.5099877119064331, 1.000000238418579, 0.5857471227645874, 0.6213351488113403, 0.34346476197242737, 0.05739085376262665, 0.12040182948112488, 0.1029459685087204, 0.15480953454971313, 0.14746731519699097, 0.11178120970726013, 0.14505240321159363, 0.1306585818529129, 0.17412012815475464, 0.1868274062871933, 0.09974029660224915, 0.11676380038261414, 0.21695391833782196, 0.1442311555147171, 0.13359467685222626, 0.1439090073108673, 0.10738859325647354, 0.15005946159362793, 0.19091910123825073, 0.1355874091386795, 0.10500559210777283, 0.321127325296402, 0.19091060757637024, 0.18173035979270935, 0.12256287038326263], [0.4579679071903229, 0.45275717973709106, 0.394309401512146, 0.5080810189247131, 0.4762706160545349, 0.4586620032787323, 0.4945858120918274, 0.49841466546058655, 0.4722692668437958, 0.5228692889213562, 0.36406853795051575, 0.5105558037757874, 0.5452436804771423, 0.5123764872550964, 0.44824662804603577, 0.4114542007446289, 0.4044898748397827, 0.46952182054519653, 0.27387163043022156, 0.47145599126815796, 0.48310595750808716, 0.5857471227645874, 0.9999997615814209, 0.5877724289894104, 0.31807878613471985, 0.07793066650629044, 0.11574522405862808, 0.13142217695713043, 0.14670789241790771, 0.0949469804763794, 0.059101402759552, 0.15478678047657013, 0.1139412522315979, 0.1791401207447052, 0.13373133540153503, 0.11481808871030807, 0.16109269857406616, 0.21283413469791412, 0.14529958367347717, 0.15427088737487793, 0.1195090264081955, 0.12077926844358444, 0.14113128185272217, 0.18198175728321075, 0.12409495562314987, 0.1203848198056221, 0.185499370098114, 0.28734537959098816, 0.2008676677942276, 0.1013907790184021], [0.40293896198272705, 0.33155563473701477, 0.3350805640220642, 0.46638399362564087, 0.40362340211868286, 0.44256508350372314, 0.47648561000823975, 0.49065497517585754, 0.44579535722732544, 0.5293858647346497, 0.3311082422733307, 0.4616759419441223, 0.5540903210639954, 0.4267631769180298, 0.4623143672943115, 0.3611575663089752, 0.3365626037120819, 0.43507885932922363, 0.23606812953948975, 0.5766860246658325, 0.4079008102416992, 0.6213351488113403, 0.5877724289894104, 1.000000238418579, 0.2973173260688782, 0.057788509875535965, 0.07615550607442856, 0.08236770331859589, 0.1296871453523636, 0.06757046282291412, 0.06610256433486938, 0.13086917996406555, 0.14446419477462769, 0.1323506236076355, 0.12097804248332977, 0.08235391974449158, 0.08489632606506348, 0.17847442626953125, 0.11536306142807007, 0.12055075168609619, 0.12943042814731598, 0.10777413100004196, 0.11512082815170288, 0.1566086858510971, 0.12357351183891296, 0.12723888456821442, 0.16936704516410828, 0.1897258460521698, 0.2499096393585205, 0.08473464846611023], [0.35485631227493286, 0.36913877725601196, 0.7730200886726379, 0.4266788065433502, 0.3727676272392273, 0.3935253322124481, 0.374734491109848, 0.39833420515060425, 0.3424292504787445, 0.31845295429229736, 0.40065711736679077, 0.3660210371017456, 0.35379379987716675, 0.37505853176116943, 0.49374571442604065, 0.4129273295402527, 0.29336193203926086, 0.447729229927063, 0.5086427330970764, 0.2729438543319702, 0.37800872325897217, 0.34346476197242737, 0.31807878613471985, 0.2973173260688782, 0.9999999403953552, 0.05244530364871025, 0.10620540380477905, 0.2864643335342407, 0.13229767978191376, 0.1412588357925415, 0.19890257716178894, 0.15822499990463257, 0.13667157292366028, 0.17932598292827606, 0.1572340428829193, 0.16844959557056427, 0.10230040550231934, 0.21539604663848877, 0.11555694788694382, 0.20497433841228485, 0.12161627411842346, 0.11462165415287018, 0.15208177268505096, 0.20213259756565094, 0.12652432918548584, 0.1791454553604126, 0.14641715586185455, 0.1347961574792862, 0.14250271022319794, 0.28862908482551575], [0.35253190994262695, 0.1204734593629837, 0.11455018818378448, 0.1431003212928772, 0.07013286650180817, 0.05555209890007973, 0.02699337899684906, 0.03765558451414108, 0.039152517914772034, 0.0690603107213974, 0.0852472260594368, 0.13133670389652252, 0.09077335894107819, 0.0754195898771286, -0.013634239323437214, 0.12093958258628845, 0.1914183497428894, 0.233801007270813, -0.004810177721083164, 0.04791760444641113, 0.09505072981119156, 0.05739085376262665, 0.07793066650629044, 0.057788509875535965, 0.05244530364871025, 1.0, 0.5092102289199829, 0.36183595657348633, 0.4409126937389374, 0.28873497247695923, 0.2644684910774231, 0.2753196060657501, 0.3601871728897095, 0.3700704574584961, 0.3669782876968384, 0.441758930683136, 0.22546520829200745, 0.362993985414505, 0.43504172563552856, 0.3683967888355255, 0.4521356523036957, 0.5312177538871765, 0.4914957284927368, 0.38475632667541504, 0.38030940294265747, 0.449152410030365, 0.34862223267555237, 0.3927000164985657, 0.36698102951049805, 0.4316314458847046], [0.16477665305137634, 0.30776283144950867, 0.1527397483587265, 0.14673084020614624, 0.1284037083387375, 0.11885019391775131, 0.10687626898288727, 0.08904717117547989, 0.13580889999866486, 0.1131642535328865, 0.1215273067355156, 0.1260639727115631, 0.09782519936561584, 0.13612417876720428, 0.1407494843006134, 0.18077853322029114, 0.16765621304512024, 0.2143869400024414, 0.13776981830596924, 0.10121335834264755, 0.19280701875686646, 0.12040182948112488, 0.11574522405862808, 0.07615550607442856, 0.10620540380477905, 0.5092102289199829, 0.9999998807907104, 0.5390348434448242, 0.6831669807434082, 0.49744999408721924, 0.4136173129081726, 0.5111398100852966, 0.5108157396316528, 0.5955755710601807, 0.5510692596435547, 0.5835996270179749, 0.41249632835388184, 0.6251258850097656, 0.5619567632675171, 0.5722671747207642, 0.6446751952171326, 0.5589590072631836, 0.7963482737541199, 0.6208124756813049, 0.5817541480064392, 0.5818307399749756, 0.5499986410140991, 0.5770723223686218, 0.6041648387908936, 0.45174670219421387], [0.10945075750350952, 0.11116994917392731, 0.27451175451278687, 0.18794429302215576, 0.13261936604976654, 0.17361801862716675, 0.15043523907661438, 0.18986400961875916, 0.1485161930322647, 0.14267154037952423, 0.16600129008293152, 0.13023048639297485, 0.13417795300483704, 0.15043920278549194, 0.21568015217781067, 0.12635019421577454, 0.11587782204151154, 0.1584644317626953, 0.19913139939308167, 0.07844822108745575, 0.1948302984237671, 0.1029459685087204, 0.13142217695713043, 0.08236770331859589, 0.2864643335342407, 0.36183595657348633, 0.5390348434448242, 1.0, 0.5844099521636963, 0.4106355905532837, 0.4440377652645111, 0.4825631380081177, 0.5929366946220398, 0.6097829937934875, 0.4802824556827545, 0.5996460914611816, 0.36125198006629944, 0.6081701517105103, 0.48123228549957275, 0.6973209381103516, 0.49159449338912964, 0.4612087607383728, 0.593206524848938, 0.685575008392334, 0.5214309692382812, 0.5365468263626099, 0.4954441785812378, 0.48614057898521423, 0.5609314441680908, 0.7229024171829224], [0.17499123513698578, 0.16596665978431702, 0.1605479121208191, 0.243813157081604, 0.15208080410957336, 0.19170764088630676, 0.13127006590366364, 0.19349405169487, 0.1858399510383606, 0.1617632806301117, 0.20758068561553955, 0.1446225941181183, 0.1482139229774475, 0.1770542562007904, 0.1434684693813324, 0.1914767324924469, 0.1836370825767517, 0.1830863356590271, 0.13492028415203094, 0.14374768733978271, 0.16647224128246307, 0.15480953454971313, 0.14670789241790771, 0.1296871453523636, 0.13229767978191376, 0.4409126937389374, 0.6831669807434082, 0.5844099521636963, 0.9999998211860657, 0.4694352447986603, 0.49597007036209106, 0.569161057472229, 0.6450973153114319, 0.6770934462547302, 0.6190313696861267, 0.6493703126907349, 0.34034937620162964, 0.7599080204963684, 0.5731205940246582, 0.6024324893951416, 0.6563284397125244, 0.6244477033615112, 0.7383079528808594, 0.6596508026123047, 0.6980676651000977, 0.6722269058227539, 0.5650067329406738, 0.6479469537734985, 0.7237822413444519, 0.44289249181747437], [0.08844412118196487, 0.1088445782661438, 0.1782793253660202, 0.16656942665576935, 0.3144868016242981, 0.14037083089351654, 0.10479980707168579, 0.1736026108264923, 0.14536358416080475, 0.11393629014492035, 0.08830146491527557, 0.19459214806556702, 0.12517225742340088, 0.24550780653953552, 0.1576496809720993, 0.09896564483642578, 0.20258596539497375, 0.1281166970729828, 0.10469022393226624, 0.11692307144403458, 0.1439943015575409, 0.14746731519699097, 0.0949469804763794, 0.06757046282291412, 0.1412588357925415, 0.28873497247695923, 0.49744999408721924, 0.4106355905532837, 0.4694352447986603, 1.000000238418579, 0.45631474256515503, 0.32420188188552856, 0.40392398834228516, 0.5119446516036987, 0.418898344039917, 0.4322660267353058, 0.372248113155365, 0.48436135053634644, 0.4493021070957184, 0.4654572010040283, 0.4219938814640045, 0.43490368127822876, 0.4598854184150696, 0.5559319257736206, 0.4750186800956726, 0.4360051155090332, 0.5366963148117065, 0.40025797486305237, 0.45773571729660034, 0.4064573645591736], [0.1234065592288971, 0.14079338312149048, 0.17494575679302216, 0.2996806800365448, 0.17963135242462158, 0.3471794128417969, 0.14357338845729828, 0.19391381740570068, 0.19173845648765564, 0.163206085562706, 0.17056939005851746, 0.19687235355377197, 0.09966574609279633, 0.167755588889122, 0.14844805002212524, 0.11240394413471222, 0.2623579502105713, 0.16698020696640015, 0.13629250228405, 0.12257516384124756, 0.15616688132286072, 0.11178120970726013, 0.059101402759552, 0.06610256433486938, 0.19890257716178894, 0.2644684910774231, 0.4136173129081726, 0.4440377652645111, 0.49597007036209106, 0.45631474256515503, 1.000000238418579, 0.4115479588508606, 0.4921623766422272, 0.4419972598552704, 0.46619489789009094, 0.4648592472076416, 0.34280022978782654, 0.4694303274154663, 0.3663572371006012, 0.4727957844734192, 0.3955972194671631, 0.48159128427505493, 0.4571087658405304, 0.49536561965942383, 0.38965949416160583, 0.41482481360435486, 0.41935494542121887, 0.4044843912124634, 0.46611326932907104, 0.4376544654369354], [0.14209316670894623, 0.15450707077980042, 0.16663402318954468, 0.18257474899291992, 0.16358889639377594, 0.1856584995985031, 0.2897108793258667, 0.16624709963798523, 0.1987837553024292, 0.14922575652599335, 0.12993216514587402, 0.16260015964508057, 0.1306753158569336, 0.19015033543109894, 0.14447563886642456, 0.09799317270517349, 0.17642685770988464, 0.1533127725124359, 0.16746041178703308, 0.1637091487646103, 0.15394100546836853, 0.14505240321159363, 0.15478678047657013, 0.13086917996406555, 0.15822499990463257, 0.2753196060657501, 0.5111398100852966, 0.4825631380081177, 0.569161057472229, 0.32420188188552856, 0.4115479588508606, 0.9999997615814209, 0.51720130443573, 0.5517984628677368, 0.49377262592315674, 0.5013633370399475, 0.31403905153274536, 0.6035943031311035, 0.47545960545539856, 0.48011934757232666, 0.5007431507110596, 0.37154650688171387, 0.5962164402008057, 0.5347681641578674, 0.49404022097587585, 0.5144291520118713, 0.4308980703353882, 0.5712593793869019, 0.4586273431777954, 0.3267500102519989], [0.14311717450618744, 0.1385333091020584, 0.12326869368553162, 0.22615522146224976, 0.1443609893321991, 0.14789152145385742, 0.15967285633087158, 0.30305665731430054, 0.182861328125, 0.1626746952533722, 0.13953787088394165, 0.1442539393901825, 0.09297309815883636, 0.1989547610282898, 0.12965434789657593, 0.14482979476451874, 0.16066306829452515, 0.15529824793338776, 0.10893553495407104, 0.1421293169260025, 0.1188473105430603, 0.1306585818529129, 0.1139412522315979, 0.14446419477462769, 0.13667157292366028, 0.3601871728897095, 0.5108157396316528, 0.5929366946220398, 0.6450973153114319, 0.40392398834228516, 0.4921623766422272, 0.51720130443573, 1.0, 0.6065593957901001, 0.5312137007713318, 0.5557911396026611, 0.2977049946784973, 0.6210905313491821, 0.5405122637748718, 0.5273661017417908, 0.5181577205657959, 0.5184053182601929, 0.5883405208587646, 0.5775177478790283, 0.5182873010635376, 0.5839052200317383, 0.5162475109100342, 0.5301392078399658, 0.5994955897331238, 0.46459245681762695], [0.16297529637813568, 0.18271103501319885, 0.18088461458683014, 0.19846035540103912, 0.17088429629802704, 0.1687600314617157, 0.1934303492307663, 0.21716521680355072, 0.3162204623222351, 0.17291711270809174, 0.13830852508544922, 0.21472494304180145, 0.15644286572933197, 0.21791286766529083, 0.16056138277053833, 0.18196487426757812, 0.23336261510849, 0.19130252301692963, 0.16250893473625183, 0.15933716297149658, 0.21995826065540314, 0.17412012815475464, 0.1791401207447052, 0.1323506236076355, 0.17932598292827606, 0.3700704574584961, 0.5955755710601807, 0.6097829937934875, 0.6770934462547302, 0.5119446516036987, 0.4419972598552704, 0.5517984628677368, 0.6065593957901001, 0.9999995827674866, 0.5973332524299622, 0.6010533571243286, 0.39651817083358765, 0.7267493009567261, 0.5154340267181396, 0.6460926532745361, 0.6032637357711792, 0.5486271381378174, 0.7078772187232971, 0.692854642868042, 0.6040539145469666, 0.6015052795410156, 0.6248284578323364, 0.6137284636497498, 0.6490498781204224, 0.5002971887588501], [0.12685279548168182, 0.13853931427001953, 0.14637237787246704, 0.17716188728809357, 0.17727255821228027, 0.13136616349220276, 0.14208003878593445, 0.13913987576961517, 0.17767882347106934, 0.2905614972114563, 0.164626806974411, 0.16313207149505615, 0.16756188869476318, 0.17060816287994385, 0.1460970938205719, 0.11541438102722168, 0.16900011897087097, 0.16315239667892456, 0.13813936710357666, 0.11229977011680603, 0.16072022914886475, 0.1868274062871933, 0.13373133540153503, 0.12097804248332977, 0.1572340428829193, 0.3669782876968384, 0.5510692596435547, 0.4802824556827545, 0.6190313696861267, 0.418898344039917, 0.46619489789009094, 0.49377262592315674, 0.5312137007713318, 0.5973332524299622, 0.9999998807907104, 0.5032682418823242, 0.26542651653289795, 0.6411586999893188, 0.436561644077301, 0.5500280261039734, 0.5397665500640869, 0.48889124393463135, 0.6198657751083374, 0.5825040936470032, 0.5654131174087524, 0.5210464000701904, 0.5631702542304993, 0.5496925711631775, 0.6445776224136353, 0.41005223989486694], [0.15919068455696106, 0.15813860297203064, 0.17569518089294434, 0.21147146821022034, 0.11341698467731476, 0.17974188923835754, 0.11096764355897903, 0.15358486771583557, 0.13379548490047455, 0.075992152094841, 0.3203207850456238, 0.15540409088134766, 0.1409279853105545, 0.15051709115505219, 0.1432001143693924, 0.16839194297790527, 0.18266704678535461, 0.17985904216766357, 0.1246224194765091, 0.10280942171812057, 0.23132212460041046, 0.09974029660224915, 0.11481808871030807, 0.08235391974449158, 0.16844959557056427, 0.441758930683136, 0.5835996270179749, 0.5996460914611816, 0.6493703126907349, 0.4322660267353058, 0.4648592472076416, 0.5013633370399475, 0.5557911396026611, 0.6010533571243286, 0.5032682418823242, 0.9999997615814209, 0.38236111402511597, 0.6493048667907715, 0.49335578083992004, 0.6294476389884949, 0.551142692565918, 0.5908493995666504, 0.6323826909065247, 0.6222975254058838, 0.5804954767227173, 0.6493417024612427, 0.4723796844482422, 0.5427442789077759, 0.5554938912391663, 0.5354688167572021], [0.158413827419281, 0.15511555969715118, 0.1335000842809677, 0.14539116621017456, 0.16768410801887512, 0.09363141655921936, 0.09909273684024811, 0.11326887458562851, 0.15994220972061157, 0.16003179550170898, 0.10467361658811569, 0.3481740951538086, 0.1524854600429535, 0.1222987025976181, 0.14724990725517273, 0.15423157811164856, 0.1353525072336197, 0.12872743606567383, 0.11680825054645538, 0.20224645733833313, 0.15146476030349731, 0.11676380038261414, 0.16109269857406616, 0.08489632606506348, 0.10230040550231934, 0.22546520829200745, 0.41249632835388184, 0.36125198006629944, 0.34034937620162964, 0.372248113155365, 0.34280022978782654, 0.31403905153274536, 0.2977049946784973, 0.39651817083358765, 0.26542651653289795, 0.38236111402511597, 0.9999999403953552, 0.3941929340362549, 0.26818591356277466, 0.37293845415115356, 0.36048775911331177, 0.3149949312210083, 0.4404059052467346, 0.4260271191596985, 0.3863743841648102, 0.30865609645843506, 0.39165014028549194, 0.4632945656776428, 0.38635993003845215, 0.3241059184074402], [0.19121620059013367, 0.20028719305992126, 0.19930431246757507, 0.21763521432876587, 0.18202993273735046, 0.20906215906143188, 0.17155787348747253, 0.20453877747058868, 0.1925414502620697, 0.20101657509803772, 0.20381034910678864, 0.19363437592983246, 0.2594650387763977, 0.21900489926338196, 0.21333172917366028, 0.1825898438692093, 0.21193277835845947, 0.21473625302314758, 0.22466112673282623, 0.1667104959487915, 0.21337267756462097, 0.21695391833782196, 0.21283413469791412, 0.17847442626953125, 0.21539604663848877, 0.362993985414505, 0.6251258850097656, 0.6081701517105103, 0.7599080204963684, 0.48436135053634644, 0.4694303274154663, 0.6035943031311035, 0.6210905313491821, 0.7267493009567261, 0.6411586999893188, 0.6493048667907715, 0.3941929340362549, 1.0000003576278687, 0.5340833067893982, 0.6703536510467529, 0.6288387179374695, 0.536651611328125, 0.7497963905334473, 0.7648780345916748, 0.6374170780181885, 0.6730562448501587, 0.6180692911148071, 0.6851297616958618, 0.743510365486145, 0.4681859016418457], [0.14015311002731323, 0.1587172895669937, 0.15665893256664276, 0.16803531348705292, 0.12632596492767334, 0.09726525843143463, 0.1076863557100296, 0.19174876809120178, 0.13664057850837708, 0.09302127361297607, 0.10671903938055038, 0.14079608023166656, 0.08964144438505173, 0.3316751718521118, 0.1311548799276352, 0.1291785091161728, 0.15628980100154877, 0.15097543597221375, 0.11521093547344208, 0.11517904698848724, 0.19507703185081482, 0.1442311555147171, 0.14529958367347717, 0.11536306142807007, 0.11555694788694382, 0.43504172563552856, 0.5619567632675171, 0.48123228549957275, 0.5731205940246582, 0.4493021070957184, 0.3663572371006012, 0.47545960545539856, 0.5405122637748718, 0.5154340267181396, 0.436561644077301, 0.49335578083992004, 0.26818591356277466, 0.5340833067893982, 1.0, 0.5129688382148743, 0.49692320823669434, 0.4611634612083435, 0.5495321154594421, 0.5565264225006104, 0.4580661356449127, 0.6217602491378784, 0.5147325992584229, 0.4771032929420471, 0.48848962783813477, 0.4271371364593506], [0.10657980293035507, 0.15435189008712769, 0.2068365216255188, 0.17538763582706451, 0.1477837711572647, 0.1434546560049057, 0.12260329723358154, 0.20137426257133484, 0.17019306123256683, 0.17303352057933807, 0.1627359241247177, 0.17018260061740875, 0.15